CLASSIFICATION REPORT
             precision    recall  f1-score   support

      I-LOC       0.04      0.04      0.04      1370
     I-MISC       0.03      0.04      0.03      1232
      I-ORG       0.06      0.04      0.05      1808
      I-PER       0.05      0.04      0.04      1575
          O       0.84      0.86      0.85     31394

avg / total       0.71      0.73      0.72     37379


CONFUSION MATRIX
Predicted  I-LOC  I-MISC  I-ORG  I-PER      O    All
True                                                
I-LOC         51      59     35     32   1193   1370
I-MISC        22      45     26     50   1089   1232
I-ORG         74      73     67     67   1527   1808
I-PER         52      52     70     62   1339   1575
O           1224    1121    971   1098  26980  31394
All         1423    1350   1169   1309  32128  37379

CONFUSION MATRIX %
Predicted      I-LOC     I-MISC      I-ORG      I-PER          O
True                                                            
I-LOC       3.583978   4.370370   2.994012   2.444614   3.713272
I-MISC      1.546030   3.333333   2.224123   3.819710   3.389567
I-ORG       5.200281   5.407407   5.731394   5.118411   4.752864
I-PER       3.654252   3.851852   5.988024   4.736440   4.167704
O          86.015460  83.037037  83.062447  83.880825  83.976594
