CLASSIFICATION REPORT
             precision    recall  f1-score   support

      I-LOC       0.04      0.05      0.04      1371
     I-MISC       0.03      0.04      0.04      1232
      I-ORG       0.06      0.04      0.05      1810
      I-PER       0.04      0.05      0.05      1576
          O       0.84      0.82      0.83     31417

avg / total       0.71      0.70      0.70     37406


CONFUSION MATRIX
Predicted  I-LOC  I-MISC  I-ORG  I-PER      O    All
True                                                
I-LOC         62      63     36     61   1149   1371
I-MISC        30      55     25     84   1038   1232
I-ORG         87      80     69    109   1465   1810
I-PER         66      70     68     83   1289   1576
O           1519    1369    998   1682  25849  31417
All         1764    1637   1196   2019  30790  37406

CONFUSION MATRIX %
Predicted      I-LOC     I-MISC      I-ORG      I-PER          O
True                                                            
I-LOC       3.514739   3.848503   3.010033   3.021298   3.731731
I-MISC      1.700680   3.359805   2.090301   4.160475   3.371224
I-ORG       4.931973   4.886988   5.769231   5.398712   4.758038
I-PER       3.741497   4.276115   5.685619   4.110946   4.186424
O          86.111111  83.628589  83.444816  83.308569  83.952582
