CLASSIFICATION REPORT
             precision    recall  f1-score   support

      I-LOC       0.66      0.79      0.72      1447
     I-MISC       0.55      0.56      0.55      1386
      I-ORG       0.72      0.54      0.61      1949
      I-PER       0.72      0.90      0.80      1634
          O       0.98      0.97      0.98     32735

avg / total       0.93      0.93      0.93     39151


CONFUSION MATRIX
Predicted  I-LOC  I-MISC  I-ORG  I-PER      O    All
True
I-LOC       1144      58     68    108     69   1447
I-MISC        94     772    120    106    294   1386
I-ORG        308     220   1047    153    221   1949
I-PER         38      44     22   1469     61   1634
O            152     303    204    203  31873  32735
All         1736    1397   1461   2039  32518  39151

CONFUSION MATRIX %
Predicted      I-LOC     I-MISC      I-ORG      I-PER          O
True
I-LOC      65.898618   4.151754   4.654346   5.296714   0.212190
I-MISC      5.414747  55.261274   8.213552   5.198627   0.904115
I-ORG      17.741935  15.748031  71.663244   7.503678   0.679624
I-PER       2.188940   3.149606   1.505818  72.045120   0.187588
O           8.755760  21.689334  13.963039   9.955861  98.016483
