CLASSIFICATION REPORT
             precision    recall  f1-score   support

      I-LOC       0.04      0.05      0.04      1371
     I-MISC       0.03      0.04      0.04      1232
      I-ORG       0.06      0.05      0.05      1810
      I-PER       0.04      0.06      0.05      1576
          O       0.84      0.82      0.83     31415

avg / total       0.71      0.70      0.70     37404


CONFUSION MATRIX
Predicted  I-LOC  I-MISC  I-ORG  I-PER      O    All
True
I-LOC         66      63     37     62   1143   1371
I-MISC        31      53     29     85   1034   1232
I-ORG         93      68     86    109   1454   1810
I-PER         68      50     77     93   1288   1576
O           1521    1282   1152   1725  25735  31415
All         1779    1516   1381   2074  30654  37404

CONFUSION MATRIX %
Predicted      I-LOC     I-MISC      I-ORG      I-PER          O
True
I-LOC       3.709949   4.155673   2.679218   2.989392   3.728714
I-MISC      1.742552   3.496042   2.099928   4.098361   3.373132
I-ORG       5.227656   4.485488   6.227371   5.255545   4.743264
I-PER       3.822372   3.298153   5.575670   4.484089   4.201735
O          85.497470  84.564644  83.417813  83.172613  83.953155
