CLASSIFICATION REPORT
             precision    recall  f1-score   support

      I-LOC       0.69      0.70      0.69      1447
     I-MISC       0.56      0.56      0.56      1382
      I-ORG       0.74      0.47      0.57      1943
      I-PER       0.86      0.71      0.78      1628
          O       0.96      0.99      0.97     32722

avg / total       0.92      0.92      0.92     39122


CONFUSION MATRIX
Predicted  I-LOC  I-MISC  I-ORG  I-PER      O    All
True
I-LOC       1009      44     68     51    275   1447
I-MISC        70     779     88     36    409   1382
I-ORG        297     246    912     78    410   1943
I-PER         24      67     16   1163    358   1628
O             57     244    146     28  32247  32722
All         1457    1380   1230   1356  33699  39122

CONFUSION MATRIX %
Predicted      I-LOC     I-MISC      I-ORG      I-PER          O
True
I-LOC      69.251887   3.188406   5.528455   3.761062   0.816048
I-MISC      4.804393  56.449275   7.154472   2.654867   1.213686
I-ORG      20.384351  17.826087  74.146341   5.752212   1.216653
I-PER       1.647220   4.855072   1.300813  85.766962   1.062346
O           3.912148  17.681159  11.869919   2.064897  95.691267
