OutputFolder/opos
CLASSIFICATION REPORT
             precision    recall  f1-score   support

      I-LOC       0.67      0.78      0.72      1447
     I-MISC       0.52      0.57      0.54      1386
      I-ORG       0.73      0.46      0.56      1949
      I-PER       0.70      0.89      0.78      1634
          O       0.98      0.98      0.98     32736

avg / total       0.93      0.93      0.92     39152


CONFUSION MATRIX
Predicted  I-LOC  I-MISC  I-ORG  I-PER      O    All
True
I-LOC       1132      57     64    123     71   1447
I-MISC        95     785     95     89    322   1386
I-ORG        330     278    893    184    264   1949
I-PER         36      72     15   1449     62   1634
O             94     318    149    218  31957  32736
All         1687    1510   1216   2063  32676  39152

CONFUSION MATRIX %
Predicted      I-LOC     I-MISC      I-ORG      I-PER          O
True
I-LOC      67.101363   3.774834   5.263158   5.962191   0.217285
I-MISC      5.631298  51.986755   7.812500   4.314106   0.985433
I-ORG      19.561352  18.410596  73.437500   8.919050   0.807932
I-PER       2.133966   4.768212   1.233553  70.237518   0.189742
O           5.572021  21.059603  12.253289  10.567135  97.799608
